-0.327869
-0.333334
-0.179774
-0.145298
-0.129032
-0.175440
-0.390001
0.012049
-0.342107
-0.514562
-0.438599
-0.492959
-0.495495
-0.555559
-0.531426
-0.605886
-0.656860
-0.666666
-0.196081
-0.213678
-0.373737
-0.263159
-0.182541
-0.271185
-0.125826
-0.189656
-0.384615
-0.596493
-0.470587
-0.372265
-0.551946
-0.472729
-0.526408
-0.522519
-0.692309
-0.782610
-0.375792
-0.191781
-0.349691
-0.122994
-0.151518
-0.067567
-0.258621
-0.223405
-0.345135
-0.430163
-0.429867
-0.558014
-0.452128
-0.545854
-0.444440
-0.613313
-0.699508
-0.736847
-0.209758
-0.086022
-0.312171
-0.029042
0.061033
-0.040002
-0.197681
-0.135370
-0.239440
-0.502040
-0.357145
-0.504002
-0.383764
-0.553192
-0.513707
-0.583030
-0.526504
-0.780950
-0.131496
-0.220340
-0.077964
-0.067311
-0.273094
-0.075905
-0.033850
-0.219330
-0.224615
-0.507938
-0.239435
-0.486489
-0.260237
-0.452283
-0.388059
-0.535487
-0.562501
-0.734317
-0.111720
-0.174191
-0.061348
-0.213485
0.000000
-0.099237
0.080942
-0.108106
0.002719
-0.468166
-0.133331
-0.504762
-0.108749
-0.573426
-0.231284
-0.556541
-0.435235
-0.768487
0.078999
-0.171596
0.170781
-0.174415
0.229060
-0.262194
0.150658
-0.192309
0.120882
-0.441487
0.004447
-0.492960
0.092335
-0.498489
-0.093588
-0.585349
-0.250527
-0.742331
-0.353729
-0.250347
-0.411170
-0.188942
-0.357566
-0.144241
-0.316066
-0.162501
-0.347229
-0.449853
-0.429603
-0.501612
-0.459664
-0.497862
-0.489772
-0.573655
-0.579862
-0.776049
-0.417671
-0.219038
-0.437242
-0.220958
-0.348183
-0.106790
-0.289816
-0.152580
-0.391310
-0.496920
-0.419218
-0.521734
-0.455080
-0.513749
-0.523411
-0.544730
-0.617745
-0.779763
-0.448977
-0.213082
-0.491143
-0.151157
-0.470160
-0.120170
-0.349738
-0.114343
-0.482120
-0.447554
-0.439095
-0.467217
-0.502137
-0.475157
-0.547651
-0.570938
-0.663837
-0.789630
-0.531887
-0.213877
-0.524796
-0.173739
-0.481602
-0.085136
-0.493600
-0.141950
-0.437261
-0.447602
-0.527931
-0.502072
-0.522112
-0.519343
-0.578511
-0.549897
-0.661989
-0.770661
-0.541075
-0.220957
-0.600300
-0.189069
-0.563746
-0.084696
-0.475006
-0.142526
-0.587660
-0.478535
-0.554701
-0.469278
-0.588164
-0.508810
-0.620696
-0.589341
-0.743460
-0.732741
-0.631942
-0.115960
-0.598350
-0.072260
-0.503857
0.027120
-0.504761
0.043190
-0.555554
-0.125877
-0.592480
-0.395370
-0.563059
-0.389580
-0.682942
-0.455264
-0.700158
-0.651871
-0.621278
0.202188
-0.615601
0.150058
-0.580343
0.181242
-0.616987
0.292922
-0.611896
0.464977
-0.557950
0.121100
-0.659127
-0.141544
-0.663192
-0.209333
-0.713355
-0.336445
-0.651082
0.367277
-0.614474
0.355204
-0.736176
0.425897
-0.674888
0.466906
-0.673056
0.587440
-0.658811
0.607605
-0.660840
0.233121
-0.712913
0.013085
-0.762682
-0.111382
-0.765218
0.586756
-0.790731
0.667769
-0.753619
0.607555
-0.766333
0.669298
-0.730482
0.763851
-0.784462
0.753287
-0.800434
0.764431
-0.782526
0.449944
-0.872450
0.181816
0.000000
0.876868
0.000000
0.892856
0.000000
0.881410
0.000000
0.899863
0.000000
0.926905
0.000000
0.924064
0.000000
0.944092
0.000000
0.899008
0.000000
0.646959
