61
69
89
117
93
114
100
83
114
103
114
71
111
90
350
340
102
78
102
117
99
114
126
118
151
116
156
114
119
137
154
110
568
444
130
92
157
146
163
187
198
148
174
188
226
179
221
181
188
229
864
631
203
152
205
186
189
241
213
175
172
229
213
245
210
250
271
188
1094
801
283
210
327
236
295
208
249
303
325
269
325
252
355
296
342
241
1407
1085
304
271
367
310
326
267
335
262
383
296
368
267
405
315
423
286
1643
1132
386
311
443
338
486
344
406
328
458
364
455
376
450
355
509
331
1998
1365
475
326
817
723
698
868
674
825
753
917
864
698
696
927
818
701
3665
2749
864
643
668
840
741
878
718
927
1011
734
920
811
947
782
1002
728
3993
2917
913
672
686
948
621
827
687
907
752
962
755
963
977
717
703
926
3893
2904
943
656
737
893
867
731
652
787
782
944
773
916
752
968
927
724
3929
2946
713
968
706
878
658
915
651
791
680
863
713
932
905
765
777
908
2784
3867
612
883
720
802
727
858
649
885
735
903
666
858
665
908
666
978
2684
3800
637
856
705
821
692
793
641
789
718
891
639
871
604
801
619
869
2592
3712
614
856
599
825
594
808
633
803
689
846
679
892
636
841
572
785
2501
3518
611
826
920
1193
884
1216
828
1111
980
1270
961
1300
914
1293
917
1248
3320
4605
831
1122
0
1340
0
1372
0
1248
0
1458
0
1423
0
1409
0
1395
0
5298
0
1167
